<6>[    0.070666] Id CPU-KHz PLL DIV AHB-KHz ADIV AXI-KHz D0 D1 D2 D4 U0 U1 U2 U4
<6>[    0.070699]  0   19200  -1   1   19200    1   30720 -1 -1 -1 -1  5  4  6 -1
<6>[    0.070731]  1  120000   0   8   60000    2   61440 -1 -1 -1 -1  7  4  6 -1
<6>[    0.070764]  2  122880   1   2   61440    2   61440  1 -1 -1 -1  7  4  6 -1
<6>[    0.070796]  3  200000   2   6   66667    3   61440  1  2 -1 -1  7  4  8 -1
<6>[    0.070828]  4  245760   1   1  122880    2   61440  1  2  3 -1  7 -1  8 -1
<6>[    0.070861]  5  320000   0   3  160000    2  160000  1  2  3 -1 12 -1  8 -1
<6>[    0.070893]  6  400000   2   3  133333    3  160000  1  2  3 -1 16 -1  8 -1
<6>[    0.070924]  7  480000   0   2  160000    3  160000  1  2  3 -1 20 -1  8 -1
<6>[    0.070958]  8  600000   2   2  200000    3  200000  5  4  3 -1 20 -1 -1 -1
<6>[    0.070989]  9  652800   0   1  217600    3  200000  5 -1  6 -1 20 -1 -1 -1
<6>[    0.071023] 10  672000   0   1  224000    3  200000  5 -1  6 -1 20 -1 -1 -1
<6>[    0.071054] 11  691200   0   1  230400    3  200000  5 -1  6 -1 20 -1 -1 -1
<6>[    0.071086] 12  710400   0   1  236800    3  200000  5 -1  6 -1 20 -1 -1 -1
<6>[    0.071119] 13  729600   0   1  243200    3  200000  7 -1  6 -1 20 -1 -1 -1
<6>[    0.071151] 14  748800   0   1  249600    3  200000  7 -1  6 -1 20 -1 -1 -1
<6>[    0.071183] 15  768000   0   1  256000    3  200000  7 -1  6 -1 20 -1 -1 -1
<6>[    0.071216] 16  787200   0   1  262400    3  200000  7 -1  6 -1 20 -1 -1 -1
<6>[    0.071248] 17  806400   0   1  268800    3  200000  7 -1  8 -1 20 -1 -1 -1
<6>[    0.071279] 18  825600   0   1  275200    3  200000  7 -1  8 -1 20 -1 -1 -1
<6>[    0.071313] 19  844800   0   1  281600    3  200000  7 -1  8 -1 20 -1 -1 -1
<6>[    0.071344] 20  864000   0   2  216000    4  216000  7 -1  8 -1 -1 -1 -1 -1
<6>[    0.071363] 17 scaling frequencies supported.

<6>[    3.861388] battery rpc: ept : 0xdd3762a0, prog : 0x30000089, vers : 0x10001
<6>[    3.866214] charger rpc: ept : 0xdd376740, prog : 0x3000001a, vers : 0x10001
<6>[    3.873911] msm_batt_get_charger_api_version(): num_of_chg_api_versions = 4  The chg api version = 0x00010004
<6>[    3.892589]  batt_clnt_handle = 2

